119 0.08203125 0.14296875 0.0765625 0.15234375
120 0.15078125 0.14453125 0.06015625 0.15546875
120 0.2125 0.14453125 0.0640625 0.15859375
119 0.27265625 0.14375 0.05703125 0.159375
119 0.3328125 0.14453125 0.06171875 0.16015625
130 0.39140625 0.14296875 0.0546875 0.16171875
130 0.446875 0.1421875 0.05546875 0.16171875
132 0.503125 0.1421875 0.0546875 0.1609375
136 0.503125 0.14296875 0.05703125 0.16171875
136 0.5578125 0.14296875 0.0515625 0.1609375
146 0.61015625 0.14140625 0.04921875 0.1609375
137 0.18359375 0.3546875 0.1078125 0.1453125
57 0.33359375 0.52578125 0.084375 0.16875
57 0.41171875 0.52734375 0.071875 0.16953125
57 0.4859375 0.5203125 0.07109375 0.165625
57 0.5578125 0.51640625 0.0671875 0.16328125
57 0.62734375 0.51328125 0.06328125 0.159375
128 0.28125 0.35234375 0.0953125 0.1515625
157 0.36953125 0.35 0.08203125 0.15
157 0.44921875 0.34765625 0.08046875 0.14921875
157 0.52734375 0.346875 0.071875 0.14375
157 0.5953125 0.34453125 0.06015625 0.1421875
213 0.678125 0.3421875 0.0890625 0.13359375
213 0.76171875 0.340625 0.06796875 0.13515625
213 0.825 0.33828125 0.0578125 0.13828125
213 0.90390625 0.33125 0.06875 0.13515625
213 0.8015625 0.49921875 0.04921875 0.15703125
8 0.74609375 0.50703125 0.05546875 0.15859375
0 0.20390625 0.52890625 0.0765625 0.1734375
0 0.27265625 0.5296875 0.06484375 0.17734375
213 0.653125 0.85625 0.0578125 0.16875
57 0.26484375 0.91328125 0.0890625 0.1734375
13 0.32109375 0.70703125 0.08046875 0.146875
13 0.2796875 0.7578125 0.12734375 0.02265625
13 0.31953125 0.7046875 0.07734375 0.1421875
94 0.32265625 0.70625 0.0828125 0.1484375
95 0.39765625 0.7 0.07578125 0.14375
51 0.46875 0.69453125 0.06328125 0.1421875
33 0.534375 0.68515625 0.0625 0.13984375
33 0.59765625 0.67890625 0.05703125 0.13984375
33 0.65703125 0.675 0.0609375 0.1421875
52 0.72109375 0.6703125 0.0546875 0.13984375
53 0.7828125 0.66484375 0.0609375 0.1359375
94 0.8515625 0.65625 0.06953125 0.140625
95 0.353125 0.9046875 0.09453125 0.18125
58 0.42890625 0.89140625 0.08125 0.19296875