79 0.17109375 0.22265625 0.05078125 0.12734375
65 0.38125 0.234375 0.04140625 0.1109375
67 0.6296875 0.2484375 0.02890625 0.08984375
62 0.76953125 0.2578125 0.021875 0.0796875
37 0.896875 0.2609375 0.0234375 0.0671875
33 0.29375 0.36171875 0.0578125 0.0984375
66 0.43671875 0.36015625 0.02265625 0.08046875
47 0.70703125 0.35234375 0.078125 0.07421875
43 0.846875 0.34375 0.0265625 0.0703125
32 0.3671875 0.48828125 0.03515625 0.084375
78 0.525 0.47265625 0.02734375 0.0796875
63 0.64140625 0.459375 0.025 0.0734375
40 0.74453125 0.44375 0.03046875 0.07109375
36 0.88828125 0.42265625 0.01875 0.0625
45 0.1703125 0.74609375 0.04140625 0.08046875
173 0.35078125 0.7109375 0.04609375 0.08359375
77 0.15703125 0.365625 0.0640625 0.1078125
42 0.07109375 0.51796875 0.0734375 0.11796875
173 0.38046875 0.69765625 0.03359375 0.08203125
173 0.4125 0.69140625 0.0375 0.0796875
173 0.44453125 0.6796875 0.02734375 0.065625
173 0.40078125 0.4828125 0.034375 0.090625
173 0.43984375 0.4765625 0.03125 0.090625
173 0.46953125 0.47890625 0.0234375 0.08046875
173 0.2546875 0.3609375 0.0421875 0.09765625
173 0.296875 0.36640625 0.05 0.0953125
173 0.36484375 0.36328125 0.0484375 0.09375
173 0.4046875 0.359375 0.0359375 0.09609375
94 0.2171875 0.7453125 0.046875 0.07734375
94 0.25625 0.734375 0.053125 0.07890625
94 0.16328125 0.7546875 0.0546875 0.08515625
94 0.50703125 0.66796875 0.034375 0.06796875
94 0.534375 0.6625 0.025 0.0625
94 0.56015625 0.653125 0.0375 0.06875
94 0.5828125 0.64140625 0.0296875 0.0625
94 0.61328125 0.6375 0.0296875 0.0609375
94 0.63515625 0.62734375 0.02734375 0.065625
94 0.66015625 0.62578125 0.02421875 0.053125
94 0.68046875 0.615625 0.0265625 0.059375
94 0.70546875 0.6125 0.02265625 0.05859375
94 0.72421875 0.603125 0.028125 0.0578125
94 0.74609375 0.6 0.0171875 0.05546875
94 0.76328125 0.59453125 0.01953125 0.05625
94 0.78046875 0.58671875 0.0234375 0.05859375
94 0.8 0.5875 0.01328125 0.05234375
94 0.8171875 0.58125 0.021875 0.0578125
94 0.8421875 0.57578125 0.015625 0.04765625