157 0.1109375 0.21171875 0.08125 0.1171875
157 0.52421875 0.2203125 0.071875 0.11796875
157 0.6609375 0.22109375 0.065625 0.11484375
157 0.7984375 0.221875 0.06328125 0.11640625
137 0.153125 0.38515625 0.071875 0.10703125
145 0.4140625 0.38828125 0.0671875 0.10703125
136 0.540625 0.390625 0.0609375 0.10859375
210 0.6625 0.53671875 0.05546875 0.09453125
85 0.72109375 0.53828125 0.05234375 0.090625
17 0.12578125 0.63359375 0.04375 0.05703125
14 0.2328125 0.634375 0.034375 0.05234375
18 0.34296875 0.63125 0.03515625 0.05546875
39 0.44609375 0.6328125 0.03203125 0.05390625
34 0.58046875 0.6328125 0.03515625 0.0546875
46 0.64921875 0.63125 0.03203125 0.05390625
153 0.34140625 0.7734375 0.0296875 0.05546875
127 0.4765625 0.77421875 0.03203125 0.06015625
198 0.58359375 0.77421875 0.0296875 0.05703125
136 0.68203125 0.77421875 0.03125 0.05703125
157 0.18515625 0.2125 0.08203125 0.1171875
157 0.25390625 0.215625 0.08203125 0.11875
157 0.32265625 0.2171875 0.078125 0.121875
157 0.3875 0.2203125 0.0703125 0.11484375
157 0.45390625 0.21953125 0.07890625 0.12890625
157 0.5921875 0.22109375 0.071875 0.121875
157 0.73125 0.22734375 0.06015625 0.11484375
157 0.8640625 0.22421875 0.06171875 0.1171875
157 0.93046875 0.22109375 0.065625 0.121875
137 0.08359375 0.384375 0.06953125 0.1046875
137 0.221875 0.38359375 0.078125 0.10625
137 0.28203125 0.38359375 0.07421875 0.1109375
137 0.34921875 0.3859375 0.0671875 0.11328125
137 0.115625 0.53515625 0.07421875 0.09921875
137 0.17734375 0.5328125 0.0671875 0.11015625
137 0.24140625 0.5359375 0.06953125 0.096875
137 0.3078125 0.53828125 0.059375 0.10234375
137 0.36328125 0.5375 0.0703125 0.10078125
145 0.47734375 0.390625 0.0671875 0.1109375
145 0.48671875 0.53203125 0.0625 0.09921875
145 0.54609375 0.5375 0.06171875 0.09375
145 0.60625 0.53359375 0.04921875 0.09921875
133 0.60859375 0.3921875 0.05625 0.109375
133 0.66484375 0.38984375 0.0578125 0.1046875
133 0.7328125 0.39140625 0.06171875 0.115625
17 0.159375 0.6328125 0.0421875 0.05546875
17 0.1921875 0.63359375 0.040625 0.05078125
17 0.2 0.68828125 0.0390625 0.05390625
17 0.1640625 0.6859375 0.0375 0.04765625
17 0.1296875 0.68515625 0.04296875 0.0515625
14 0.26953125 0.63359375 0.03828125 0.05625
14 0.3046875 0.63515625 0.03359375 0.05390625
14 0.23671875 0.68671875 0.0359375 0.0515625
14 0.2703125 0.68828125 0.03359375 0.0515625
14 0.3015625 0.6875 0.0328125 0.05234375
18 0.3765625 0.63125 0.03671875 0.05625
18 0.41015625 0.6296875 0.034375 0.053125
18 0.34296875 0.6859375 0.03671875 0.053125
18 0.37734375 0.68515625 0.03671875 0.05
18 0.4125 0.684375 0.0390625 0.05234375
39 0.4796875 0.63359375 0.0296875 0.05625
39 0.51171875 0.6328125 0.03515625 0.0546875
39 0.44765625 0.6828125 0.02890625 0.04296875
39 0.47890625 0.68828125 0.02890625 0.0484375
39 0.5078125 0.68515625 0.0328125 0.05078125
34 0.54609375 0.63203125 0.0375 0.05859375
34 0.54375 0.6859375 0.03359375 0.04765625
34 0.6140625 0.634375 0.02890625 0.05859375
34 0.57578125 0.68671875 0.02734375 0.05
34 0.60859375 0.6875 0.03046875 0.05078125
46 0.68125 0.634375 0.02578125 0.0546875
46 0.71484375 0.63203125 0.03515625 0.05859375
46 0.64375 0.68671875 0.03046875 0.05078125
46 0.67578125 0.68671875 0.03984375 0.046875
46 0.7046875 0.68671875 0.0375 0.04765625
136 0.71484375 0.7734375 0.0375 0.0578125
136 0.653125 0.77421875 0.03046875 0.05625
136 0.64375 0.8265625 0.03203125 0.05
136 0.6765625 0.82734375 0.03515625 0.046875
136 0.71015625 0.82734375 0.034375 0.0515625
136 0.64140625 0.8703125 0.0265625 0.04765625
136 0.67265625 0.8734375 0.025 0.04765625
136 0.7046875 0.87578125 0.03046875 0.0484375
198 0.553125 0.7765625 0.0296875 0.05625
198 0.6140625 0.77578125 0.02890625 0.05703125
198 0.60703125 0.8296875 0.0375 0.04609375
198 0.571875 0.83203125 0.03828125 0.0453125
198 0.5453125 0.82890625 0.03125 0.04765625
198 0.54453125 0.878125 0.03125 0.04765625
198 0.57421875 0.8796875 0.028125 0.04921875
198 0.60546875 0.878125 0.02734375 0.046875
127 0.5109375 0.77265625 0.034375 0.05625
127 0.44296875 0.77421875 0.03046875 0.059375
127 0.44296875 0.82890625 0.02890625 0.0484375
127 0.4734375 0.82890625 0.02890625 0.0515625
127 0.50390625 0.8265625 0.02734375 0.05390625
127 0.50546875 0.87421875 0.028125 0.040625
127 0.4765625 0.87890625 0.03203125 0.046875
127 0.446875 0.87734375 0.0328125 0.04609375
152 0.3015625 0.77578125 0.03515625 0.05625
152 0.27109375 0.778125 0.0359375 0.05546875
152 0.2375 0.775 0.034375 0.05546875
152 0.3 0.82890625 0.03359375 0.0453125
152 0.26640625 0.8296875 0.03671875 0.04765625
152 0.2359375 0.82890625 0.0359375 0.05078125
152 0.2453125 0.87734375 0.03828125 0.05
152 0.27734375 0.878125 0.03359375 0.04921875
152 0.30625 0.8765625 0.0390625 0.053125
154 0.196875 0.825 0.03125 0.05234375
154 0.16953125 0.82578125 0.03203125 0.05078125
154 0.13515625 0.82734375 0.03515625 0.0625
154 0.2078125 0.87734375 0.03828125 0.05234375
154 0.175 0.875 0.0328125 0.05078125
154 0.140625 0.878125 0.0375 0.04609375
153 0.375 0.775 0.03125 0.05703125
153 0.40703125 0.77109375 0.02890625 0.05859375
153 0.3390625 0.825 0.03515625 0.04609375
153 0.37421875 0.828125 0.0328125 0.04921875
153 0.40546875 0.8265625 0.03203125 0.05234375
153 0.34296875 0.875 0.02578125 0.0453125
153 0.3734375 0.8765625 0.02890625 0.04296875
153 0.40625 0.878125 0.03203125 0.04765625
145 0.42734375 0.52890625 0.06328125 0.09609375
213 0.80390625 0.36796875 0.059375 0.04296875
213 0.86796875 0.36484375 0.0546875 0.04453125
213 0.9328125 0.365625 0.053125 0.04609375
213 0.984375 0.36796875 0.03125 0.0359375
213 0.78671875 0.515625 0.05703125 0.03828125
213 0.84375 0.51484375 0.059375 0.0421875
213 0.9015625 0.5140625 0.06328125 0.0421875
213 0.96171875 0.5125 0.059375 0.03515625
213 0.7734375 0.64765625 0.053125 0.03515625
213 0.83125 0.64453125 0.05546875 0.03203125
213 0.88515625 0.6453125 0.053125 0.03828125
213 0.94375 0.64609375 0.05390625 0.0359375
213 0.85703125 0.78203125 0.025 0.0421875
213 0.88828125 0.7671875 0.0265625 0.01484375
213 0.915625 0.76640625 0.025 0.01328125
213 0.7515625 0.86875 0.03203125 0.01484375
213 0.753125 0.81796875 0.03828125 0.02578125
213 0.78203125 0.81640625 0.028125 0.02578125
213 0.815625 0.81796875 0.03046875 0.021875
213 0.8484375 0.81953125 0.028125 0.0203125
213 0.88359375 0.81875 0.0328125 0.01875
213 0.91015625 0.81796875 0.028125 0.01875
213 0.9453125 0.81484375 0.02734375 0.02109375
213 0.9765625 0.81640625 0.0296875 0.01875
213 0.7484375 0.86328125 0.02265625 0.0203125
213 0.7796875 0.86328125 0.028125 0.01796875
213 0.81875 0.871875 0.0015625 0.00078125