78 0.525 0.47265625 0.02734375 0.0796875
15 0.2796875 0.72265625 0.04609375 0.090625
23 0.0578125 0.190625 0.05859375 0.12578125
23 0.10390625 0.18984375 0.04921875 0.12890625
23 0.14765625 0.190625 0.05 0.12734375
23 0.1890625 0.18828125 0.05703125 0.13125
23 0.23515625 0.1875 0.0484375 0.13203125
23 0.28515625 0.18671875 0.0609375 0.13671875
23 0.021875 0.19765625 0.04296875 0.13046875
23 0.02890625 0.3328125 0.05 0.1171875
23 0.0640625 0.3328125 0.0546875 0.11953125
23 0.10625 0.33359375 0.05 0.11875
23 0.14765625 0.3328125 0.05546875 0.11953125
23 0.18984375 0.334375 0.0546875 0.11953125
23 0.23203125 0.3328125 0.0640625 0.12265625
23 0.275 0.33359375 0.0546875 0.11875
26 0.2984375 0.47109375 0.05859375 0.12578125
26 0.07421875 0.4625 0.05859375 0.121875
26 0.12109375 0.46328125 0.0515625 0.12109375
26 0.16328125 0.4640625 0.059375 0.121875
26 0.209375 0.46640625 0.0609375 0.125
26 0.25078125 0.46640625 0.05234375 0.12578125
26 0.22578125 0.59609375 0.04921875 0.11171875
26 0.240625 0.71171875 0.04296875 0.09921875
26 0.1984375 0.7125 0.0421875 0.10703125
26 0.15703125 0.709375 0.034375 0.10703125
26 0.13671875 0.5890625 0.05234375 0.1
26 0.1828125 0.5921875 0.03828125 0.103125
20 0.04765625 0.58515625 0.04140625 0.10390625
20 0.090625 0.59140625 0.0453125 0.109375
20 0.07109375 0.46328125 0.06015625 0.12265625
22 0.31328125 0.33125 0.0453125 0.11875
22 0.35625 0.32890625 0.04765625 0.1234375
20 0.12109375 0.70546875 0.0453125 0.1
15 0.3265625 0.71796875 0.0453125 0.09375
15 0.3734375 0.71953125 0.0390625 0.10390625
15 0.41484375 0.7296875 0.05078125 0.109375
15 0.46171875 0.72734375 0.05703125 0.09921875
15 0.503125 0.73046875 0.05546875 0.10078125
54 0.55390625 0.7359375 0.0515625 0.09609375
15 0.59921875 0.74140625 0.0515625 0.096875
159 0.62890625 0.621875 0.0484375 0.1234375
159 0.58828125 0.6171875 0.05234375 0.11328125
159 0.48984375 0.6109375 0.0515625 0.1171875
159 0.44375 0.60390625 0.04921875 0.1125
159 0.39453125 0.6046875 0.05234375 0.1140625
159 0.35390625 0.5984375 0.0484375 0.11015625
159 0.30703125 0.59765625 0.0515625 0.1
159 0.265625 0.59453125 0.04375 0.1046875
159 0.540625 0.475 0.05703125 0.12265625
159 0.49375 0.475 0.05078125 0.13046875
159 0.446875 0.4765625 0.05390625 0.12109375
159 0.3921875 0.47421875 0.04921875 0.1265625
159 0.34609375 0.471875 0.05078125 0.128125
159 0.4046875 0.3265625 0.05234375 0.13671875
21 0.33203125 0.18125 0.03828125 0.14453125
159 0.45390625 0.33125 0.04921875 0.11953125
159 0.46796875 0.17734375 0.040625 0.15
159 0.4203125 0.17890625 0.0484375 0.14921875
159 0.37421875 0.18671875 0.04296875 0.146875
15 0.79453125 0.16484375 0.03359375 0.146875
15 0.9078125 0.15859375 0.06484375 0.1578125
15 0.85 0.1609375 0.0671875 0.1609375
21 0.515625 0.17734375 0.05234375 0.1453125
21 0.57734375 0.17734375 0.05078125 0.16015625
21 0.625 0.171875 0.071875 0.1578125
21 0.6765625 0.16796875 0.04609375 0.14765625
21 0.73125 0.165625 0.04609375 0.1515625
21 0.746875 0.3296875 0.06328125 0.1421875
21 0.69375 0.3296875 0.0671875 0.13671875
21 0.64453125 0.3296875 0.05859375 0.125
21 0.54609375 0.33125 0.0578125 0.1328125
21 0.5015625 0.33125 0.04765625 0.13046875
21 0.87421875 0.4796875 0.04296875 0.146875
21 0.815625 0.4796875 0.07421875 0.140625
21 0.7546875 0.47890625 0.06640625 0.13828125
21 0.70234375 0.47734375 0.06171875 0.13125
21 0.64609375 0.4765625 0.05 0.134375
21 0.853125 0.63515625 0.06953125 0.1296875
21 0.78984375 0.6296875 0.0609375 0.11875
21 0.73828125 0.625 0.0625 0.11640625
21 0.6828125 0.61875 0.05859375 0.1109375
21 0.85625 0.76015625 0.03515625 0.0984375
21 0.803125 0.75546875 0.04375 0.09765625
21 0.75078125 0.75234375 0.03984375 0.1015625
21 0.70390625 0.74921875 0.040625 0.09921875
21 0.653125 0.74609375 0.0546875 0.1
183 0.96171875 0.63671875 0.046875 0.12734375
183 0.903125 0.6328125 0.0484375 0.13203125
183 0.93671875 0.47890625 0.04765625 0.14921875
182 0.909375 0.3265625 0.06796875 0.13671875
182 0.96953125 0.3265625 0.059375 0.140625
182 0.9625 0.1578125 0.0734375 0.16171875
15 0.80546875 0.32578125 0.04921875 0.13671875
15 0.85703125 0.3265625 0.0484375 0.14453125
159 0.5921875 0.47265625 0.06171875 0.13359375
183 0.96328125 0.765625 0.05390625 0.10234375
183 0.9078125 0.7609375 0.06015625 0.10859375
21 0.59453125 0.32890625 0.0515625 0.1296875
159 0.5375 0.61328125 0.05078125 0.11015625
217 0.02109375 0.45625 0.04140625 0.109375