152 0.6671875 0.2 0.0421875 0.078125
127 0.753125 0.196875 0.0421875 0.07578125
125 0.79609375 0.19609375 0.04140625 0.07890625
126 0.8421875 0.19609375 0.040625 0.0796875
13 0.82265625 0.30078125 0.04609375 0.11328125
12 0.775 0.3015625 0.046875 0.11015625
11 0.73203125 0.3046875 0.0421875 0.10703125
10 0.6 0.30703125 0.04453125 0.10390625
119 0.68515625 0.30703125 0.04375 0.10625
211 0.7953125 0.4484375 0.07734375 0.15703125
210 0.71484375 0.46640625 0.06796875 0.115625
208 0.6453125 0.46484375 0.06796875 0.11640625
211 0.57734375 0.46328125 0.06640625 0.11015625
23 0.7765625 0.60703125 0.075 0.1515625
19 0.7078125 0.6046875 0.075 0.1484375
15 0.68359375 0.77890625 0.0765625 0.17890625
16 0.55078125 0.76328125 0.05859375 0.159375
94 0.25234375 0.74296875 0.0671875 0.1703125
173 0.31015625 0.75390625 0.05546875 0.16875
49 0.3671875 0.7625 0.05703125 0.17265625
33 0.35859375 0.58671875 0.0609375 0.13125
53 0.41796875 0.59296875 0.05390625 0.140625
137 0.340625 0.43984375 0.059375 0.1359375
145 0.28828125 0.44140625 0.053125 0.13125
139 0.39453125 0.43984375 0.04609375 0.13359375
203 0.4046875 0.3078125 0.04453125 0.1046875
197 0.24921875 0.303125 0.04375 0.0984375
4 0.34375 0.20703125 0.0421875 0.0796875
1 0.38203125 0.20703125 0.03984375 0.07734375
3 0.2703125 0.209375 0.0453125 0.07890625
2 0.41796875 0.20625 0.0359375 0.0765625