100 0.53515625 0.21953125 0.03515625 0.06796875
93 0.56953125 0.2171875 0.0328125 0.06328125
101 0.60703125 0.2171875 0.0296875 0.065625
140 0.64609375 0.2171875 0.0359375 0.0734375
136 0.68671875 0.2140625 0.03359375 0.0734375
127 0.72578125 0.2125 0.0390625 0.07265625
131 0.76640625 0.2125 0.0375 0.06796875
149 0.80703125 0.20546875 0.03671875 0.0765625
129 0.2734375 0.3171875 0.0359375 0.09140625
129 0.31171875 0.31796875 0.0296875 0.08125
129 0.34453125 0.3203125 0.03125 0.08359375
129 0.38203125 0.3203125 0.0296875 0.08203125
111 0.23984375 0.315625 0.03125 0.0859375
113 0.415625 0.315625 0.03125 0.0796875
114 0.75546875 0.3203125 0.03359375 0.0875
112 0.7125 0.32265625 0.03515625 0.096875
116 0.671875 0.3265625 0.0359375 0.0921875
116 0.62890625 0.3265625 0.0375 0.0921875
117 0.5890625 0.32890625 0.0375 0.0890625
115 0.55 0.325 0.04140625 0.08671875
102 0.6859375 0.46015625 0.065625 0.0984375
102 0.75546875 0.45859375 0.06484375 0.1015625
208 0.61953125 0.4609375 0.0609375 0.09375
145 0.5546875 0.4609375 0.05859375 0.09296875
98 0.42890625 0.44609375 0.05390625 0.11875
177 0.37265625 0.4484375 0.05703125 0.11875
97 0.3125 0.44375 0.05625 0.109375
173 0.2546875 0.4421875 0.06015625 0.11171875
205 0.7671875 0.59453125 0.0625 0.1359375
206 0.5859375 0.59140625 0.0515625 0.121875
206 0.5453125 0.58515625 0.0421875 0.12109375
206 0.64921875 0.5953125 0.06484375 0.13046875
30 0.7078125 0.59453125 0.04609375 0.13203125
31 0.4296875 0.5890625 0.0421875 0.1203125
25 0.27421875 0.575 0.06953125 0.12734375
159 0.33046875 0.58203125 0.0578125 0.12109375
160 0.384375 0.58359375 0.0421875 0.1203125
73 0.6328125 0.74140625 0.05546875 0.14296875
73 0.69453125 0.74375 0.0578125 0.13984375
73 0.76015625 0.75078125 0.0546875 0.1484375
81 0.56796875 0.734375 0.05546875 0.13515625
81 0.45625 0.73203125 0.03828125 0.13046875
81 0.40859375 0.728125 0.05859375 0.1296875
80 0.35390625 0.72265625 0.05546875 0.13046875
25 0.29765625 0.7171875 0.0609375 0.12421875
158 0.93515625 0.4921875 0.0421875 0.14296875
158 0.97265625 0.49609375 0.05390625 0.121875
8 0.94921875 0.6359375 0.08828125 0.12578125
8 0.9140625 0.78203125 0.0515625 0.140625