159 0.13515625 0.43828125 0.07421875 0.1953125
25 0.2140625 0.43671875 0.071875 0.17890625
25 0.29140625 0.44453125 0.0578125 0.18828125
25 0.36875 0.44296875 0.078125 0.18046875
27 0.44921875 0.4484375 0.0671875 0.1875
27 0.53046875 0.4484375 0.078125 0.1828125
186 0.61328125 0.44453125 0.075 0.20078125
98 0.69609375 0.44140625 0.075 0.209375
49 0.77734375 0.44375 0.07890625 0.2109375
173 0.865625 0.44140625 0.07890625 0.2109375
94 0.753125 0.1859375 0.08203125 0.21640625
94 0.85234375 0.18359375 0.078125 0.21953125
94 0.93671875 0.19375 0.07890625 0.22890625
173 0.675 0.17578125 0.07578125 0.22578125
175 0.13828125 0.1671875 0.10390625 0.21484375
175 0.23359375 0.1625 0.08359375 0.2171875
176 0.321875 0.1671875 0.08359375 0.21953125
98 0.41015625 0.17109375 0.08515625 0.22578125
98 0.49921875 0.17265625 0.0703125 0.21171875
186 0.5828125 0.175 0.08046875 0.22265625
54 0.13359375 0.7 0.07890625 0.13203125
44 0.29453125 0.6765625 0.0703125 0.1828125
44 0.36875 0.66953125 0.06328125 0.175
179 0.21796875 0.66953125 0.06640625 0.16640625
184 0.73671875 0.675 0.06953125 0.17109375
184 0.809375 0.6703125 0.06171875 0.17109375
184 0.88515625 0.66640625 0.06328125 0.171875
55 0.44375 0.6671875 0.06640625 0.18359375
185 0.515625 0.66953125 0.06484375 0.178125
182 0.59375 0.67109375 0.071875 0.1765625
33 0.66484375 0.66796875 0.0640625 0.175
86 0.13046875 0.9140625 0.0734375 0.13046875
85 0.21484375 0.91328125 0.0703125 0.13046875
85 0.29375 0.9109375 0.07578125 0.12890625
85 0.37578125 0.9125 0.071875 0.12734375
85 0.4515625 0.9078125 0.07109375 0.12890625
104 0.5265625 0.90546875 0.0671875 0.125
209 0.6046875 0.8875 0.0765625 0.1484375
209 0.68828125 0.8859375 0.0796875 0.15703125
209 0.76484375 0.88515625 0.0671875 0.1578125
218 0.871875 0.884375 0.0578125 0.1625
218 0.934375 0.88046875 0.0609375 0.165625
214 0.98125 0.88515625 0.0375 0.15234375
165 0.96015625 0.69453125 0.07265625 0.12890625
8 0.9578125 0.475 0.078125 0.13671875
8 0.98828125 0.19375 0.021875 0.20546875
218 0.04765625 0.1921875 0.078125 0.15390625
213 0.0390625 0.42421875 0.06953125 0.22265625
213 0.03203125 0.66484375 0.0609375 0.18046875