9 0.034375 0.084375 0.05390625 0.1640625
9 0.10859375 0.090625 0.06328125 0.17734375
9 0.17109375 0.11015625 0.04609375 0.17109375
9 0.221875 0.13203125 0.046875 0.15859375
9 0.27421875 0.14375 0.05078125 0.1578125
9 0.32578125 0.1609375 0.03828125 0.15078125
9 0.36796875 0.17109375 0.03359375 0.14453125
9 0.4046875 0.1828125 0.0328125 0.12890625
9 0.41328125 0.046875 0.03046875 0.09375
9 0.3765625 0.0359375 0.0375 0.0703125
9 0.32734375 0.02890625 0.0453125 0.0578125
214 0.0328125 0.27890625 0.05859375 0.16328125
214 0.1 0.2953125 0.06171875 0.165625
214 0.16328125 0.2984375 0.0640625 0.1375
214 0.228125 0.315625 0.0484375 0.13203125
214 0.27421875 0.3203125 0.040625 0.1328125
214 0.3296875 0.32578125 0.0484375 0.12421875
214 0.37734375 0.334375 0.0359375 0.1203125
6 0.01953125 0.4890625 0.0359375 0.16171875
6 0.0703125 0.48671875 0.05859375 0.1546875
6 0.13125 0.48046875 0.05078125 0.1390625
6 0.18515625 0.484375 0.046875 0.14140625
6 0.240625 0.48203125 0.0484375 0.12890625
6 0.290625 0.4828125 0.04296875 0.128125
6 0.334375 0.4796875 0.03046875 0.11640625
6 0.37265625 0.48046875 0.03203125 0.1109375
218 0.03359375 0.6765625 0.06328125 0.1390625
218 0.090625 0.67265625 0.04453125 0.14296875
218 0.146875 0.6578125 0.04296875 0.1265625
218 0.196875 0.64921875 0.04453125 0.11640625
218 0.23984375 0.63828125 0.03203125 0.10859375
218 0.28203125 0.6375 0.0390625 0.1140625
218 0.32265625 0.63046875 0.03203125 0.1078125
218 0.36015625 0.621875 0.034375 0.10625
218 0.01796875 0.87421875 0.03203125 0.1578125
218 0.0734375 0.86484375 0.0640625 0.15859375
218 0.1359375 0.83984375 0.0625 0.1359375
218 0.19765625 0.81796875 0.0546875 0.13984375
218 0.2578125 0.8015625 0.0375 0.1375
218 0.30703125 0.78359375 0.0390625 0.12734375
218 0.34921875 0.76484375 0.04453125 0.134375
218 0.28125 0.946875 0.0390625 0.10234375
218 0.23359375 0.9609375 0.0328125 0.078125
218 0.17890625 0.97421875 0.0453125 0.0515625
8 0.675 0.67109375 0.0234375 0.065625
8 0.68828125 0.6671875 0.02578125 0.06796875
8 0.70625 0.6625 0.02265625 0.06640625
8 0.71953125 0.65625 0.021875 0.0625
8 0.73359375 0.6515625 0.01796875 0.0625
8 0.74453125 0.64609375 0.02421875 0.0578125
8 0.753125 0.6453125 0.0203125 0.0640625
8 0.76953125 0.63984375 0.02109375 0.06015625
8 0.78203125 0.63671875 0.015625 0.059375
8 0.7953125 0.63359375 0.01328125 0.05703125
8 0.8078125 0.63359375 0.01328125 0.05546875
8 0.815625 0.62890625 0.01328125 0.06171875
8 0.6921875 0.5671875 0.02109375 0.06875
8 0.71171875 0.5609375 0.01875 0.0671875
8 0.7265625 0.559375 0.0109375 0.06484375
8 0.73984375 0.55625 0.01328125 0.0640625
8 0.75625 0.55546875 0.01640625 0.0671875
8 0.7671875 0.5515625 0.0140625 0.065625
8 0.78046875 0.5515625 0.01484375 0.0640625
8 0.7921875 0.54765625 0.01640625 0.0578125
8 0.8046875 0.55078125 0.0109375 0.06171875
8 0.81171875 0.54296875 0.0125 0.0609375
8 0.7734375 0.4734375 0.01640625 0.059375
8 0.7859375 0.471875 0.0109375 0.0609375
8 0.79921875 0.47265625 0.01015625 0.059375
8 0.81015625 0.47265625 0.01015625 0.0578125
8 0.821875 0.47265625 0.01015625 0.05859375
8 0.83046875 0.47578125 0.0078125 0.05859375
8 0.8390625 0.471875 0.0140625 0.05625
8 0.70390625 0.3796875 0.01875 0.075
8 0.7203125 0.38125 0.015625 0.071875
8 0.7390625 0.38203125 0.01796875 0.0671875
8 0.75234375 0.38515625 0.0125 0.071875
8 0.76328125 0.384375 0.01796875 0.0640625
8 0.78203125 0.3875 0.015625 0.06796875
8 0.79296875 0.3890625 0.0140625 0.0640625
8 0.80234375 0.38984375 0.01484375 0.06171875
8 0.8140625 0.39375 0.01640625 0.059375
8 0.82578125 0.3953125 0.0171875 0.0609375
8 0.840625 0.39609375 0.0234375 0.0578125
8 0.853125 0.39765625 0.0234375 0.06171875
8 0.74453125 0.2890625 0.02109375 0.06796875
8 0.75703125 0.28984375 0.01640625 0.07109375
8 0.771875 0.29296875 0.01796875 0.0671875
8 0.7875 0.29921875 0.0125 0.0640625
8 0.796875 0.3046875 0.0140625 0.06328125
8 0.81171875 0.30703125 0.01640625 0.0640625
8 0.825 0.30625 0.0171875 0.0609375
8 0.83515625 0.309375 0.0125 0.05703125
8 0.846875 0.3109375 0.01484375 0.0515625
8 0.85546875 0.315625 0.0125 0.04921875
8 0.8703125 0.31875 0.01484375 0.05234375
8 0.8734375 0.31328125 0.00078125 0.00234375
8 0.78359375 0.20234375 0.0125 0.059375
8 0.79609375 0.20625 0.01015625 0.0609375
8 0.809375 0.21484375 0.01171875 0.06640625
8 0.8203125 0.21953125 0.009375 0.06171875
8 0.83125 0.22578125 0.0109375 0.059375
8 0.84140625 0.23046875 0.00859375 0.06015625
8 0.85546875 0.23828125 0.0140625 0.0546875
8 0.8703125 0.240625 0.0109375 0.0578125
8 0.8796875 0.24765625 0.00703125 0.05390625
8 0.6578125 0.771875 0.01640625 0.0828125
8 0.6828125 0.7609375 0.0171875 0.08515625
8 0.70234375 0.7515625 0.0171875 0.07421875
8 0.7171875 0.7453125 0.0171875 0.075
8 0.734375 0.73671875 0.0265625 0.0796875
8 0.74609375 0.72578125 0.0171875 0.07109375
8 0.7625 0.72109375 0.02421875 0.07265625
8 0.775 0.71484375 0.02578125 0.0640625
8 0.78984375 0.7078125 0.025 0.07109375
8 0.80859375 0.70703125 0.01796875 0.084375
6 0.3890625 0.9046875 0.0390625 0.09453125
6 0.421875 0.8828125 0.040625 0.08828125
6 0.46328125 0.8703125 0.034375 0.08984375
6 0.48984375 0.853125 0.02890625 0.08671875
6 0.51796875 0.84609375 0.02578125 0.09375
6 0.5375 0.8265625 0.028125 0.08046875
6 0.565625 0.81484375 0.02578125 0.08046875
6 0.58984375 0.809375 0.028125 0.08046875
6 0.60859375 0.7984375 0.0265625 0.08046875
6 0.6265625 0.78515625 0.025 0.0796875
151 0.57734375 0.4734375 0.03046875 0.1
151 0.60546875 0.4703125 0.0171875 0.09296875
214 0.63125 0.47578125 0.025 0.08671875
214 0.6453125 0.478125 0.02109375 0.07265625
214 0.6640625 0.47578125 0.0234375 0.0796875
214 0.6796875 0.47578125 0.02421875 0.06953125
124 0.46015625 0.0546875 0.03828125 0.10234375
124 0.5015625 0.06796875 0.0265625 0.12109375
123 0.47109375 0.2125 0.0375 0.121875
123 0.50703125 0.21953125 0.02578125 0.109375
141 0.53125 0.08046875 0.01796875 0.11640625
141 0.5578125 0.0859375 0.028125 0.10078125
139 0.5375 0.22890625 0.02421875 0.1125
193 0.58359375 0.1078125 0.01796875 0.09609375
193 0.60703125 0.11796875 0.021875 0.1
137 0.56484375 0.23203125 0.02109375 0.10390625
137 0.59140625 0.240625 0.02421875 0.0984375
200 0.63125 0.128125 0.01875 0.09921875
200 0.65234375 0.13671875 0.01875 0.09453125
199 0.61171875 0.24609375 0.028125 0.09140625
199 0.6328125 0.2546875 0.025 0.0890625
144 0.675 0.146875 0.01953125 0.09140625
144 0.69375 0.15625 0.0171875 0.0828125
143 0.659375 0.2609375 0.0234375 0.08671875
143 0.678125 0.26484375 0.01875 0.08125
200 0.71875 0.16640625 0.025 0.0859375
199 0.6984375 0.2703125 0.01875 0.0796875
199 0.71171875 0.27734375 0.0234375 0.0828125
199 0.76796875 0.19375 0.0125 0.08125
144 0.746875 0.18046875 0.0265625 0.0875
99 0.43515625 0.34375 0.0515625 0.128125
99 0.4765625 0.34453125 0.0265625 0.115625
99 0.41171875 0.47890625 0.03984375 0.11171875
99 0.45234375 0.478125 0.03359375 0.10546875
170 0.47734375 0.6 0.034375 0.0953125
73 0.48671875 0.47578125 0.0296875 0.1046875
73 0.515625 0.475 0.03203125 0.096875
73 0.54375 0.47421875 0.0328125 0.09140625
71 0.5359375 0.58984375 0.0234375 0.09140625
71 0.559375 0.5828125 0.02265625 0.07578125
64 0.5859375 0.58125 0.02109375 0.078125
44 0.43984375 0.60390625 0.0328125 0.0953125
99 0.4734375 0.7265625 0.03203125 0.09921875
99 0.44140625 0.73671875 0.0296875 0.11015625
99 0.3984375 0.74921875 0.04453125 0.11875
44 0.4 0.61171875 0.0359375 0.1015625
64 0.509375 0.5953125 0.02265625 0.08984375
218 0.60859375 0.57734375 0.01875 0.075
218 0.62421875 0.57578125 0.021875 0.078125
214 0.65 0.57109375 0.025 0.065625
214 0.66875 0.56484375 0.0265625 0.0609375
218 0.62578125 0.67890625 0.0234375 0.08359375
214 0.65234375 0.67421875 0.02109375 0.08515625
177 0.51171875 0.715625 0.03671875 0.109375
98 0.54765625 0.70625 0.03125 0.09375
94 0.571875 0.696875 0.02890625 0.09765625
94 0.596875 0.68515625 0.025 0.0828125
186 0.50859375 0.35234375 0.0265625 0.109375
186 0.53984375 0.35703125 0.02109375 0.10234375
186 0.5703125 0.3625 0.01796875 0.10390625
186 0.61796875 0.365625 0.02109375 0.09140625
186 0.64453125 0.36875 0.02109375 0.09140625
98 0.596875 0.36640625 0.02109375 0.1
98 0.66640625 0.3703125 0.0140625 0.090625
98 0.68671875 0.37421875 0.0140625 0.08984375