212 0.1546875 0.215625 0.06640625 0.0859375
212 0.2046875 0.21328125 0.05546875 0.0796875
212 0.2515625 0.21171875 0.0515625 0.0828125
212 0.29140625 0.2078125 0.05234375 0.08515625
212 0.33359375 0.20703125 0.0390625 0.08515625
212 0.37734375 0.2046875 0.040625 0.0796875
212 0.37109375 0.13984375 0.05 0.05
212 0.32734375 0.140625 0.04921875 0.05
212 0.28671875 0.1421875 0.04296875 0.053125
212 0.2390625 0.14375 0.0484375 0.053125
212 0.190625 0.1453125 0.046875 0.05
212 0.14375 0.14453125 0.0515625 0.04765625
188 0.4203125 0.2015625 0.0453125 0.07421875
188 0.46328125 0.203125 0.04296875 0.0796875
188 0.41796875 0.13828125 0.040625 0.05078125
188 0.45546875 0.1359375 0.03125 0.04921875
127 0.59453125 0.19921875 0.03515625 0.07734375
198 0.634375 0.196875 0.03515625 0.078125
132 0.675 0.19453125 0.03828125 0.07734375
152 0.715625 0.1921875 0.0421875 0.07265625
152 0.75390625 0.190625 0.03984375 0.071875
152 0.79296875 0.18828125 0.03984375 0.0734375
121 0.17890625 0.32109375 0.05 0.10625
121 0.234375 0.31953125 0.05625 0.10625
189 0.27890625 0.31484375 0.03359375 0.11171875
189 0.3234375 0.31484375 0.03984375 0.10546875
191 0.36796875 0.3109375 0.0359375 0.10859375
191 0.4140625 0.3125 0.0484375 0.109375
190 0.459375 0.3109375 0.04296875 0.1109375
204 0.825 0.28671875 0.04921875 0.115625
204 0.7796875 0.28984375 0.0390625 0.10859375
204 0.73984375 0.29609375 0.0375 0.1140625
196 0.696875 0.296875 0.05 0.109375
203 0.65703125 0.2984375 0.0484375 0.10546875
201 0.615625 0.30078125 0.05078125 0.1109375
195 0.5703125 0.30234375 0.05234375 0.109375
102 0.81015625 0.44140625 0.0640625 0.11796875
104 0.74140625 0.4515625 0.0578125 0.11953125
108 0.675 0.45703125 0.07890625 0.11015625
105 0.609375 0.4609375 0.06875 0.109375
169 0.80703125 0.584375 0.05625 0.15
43 0.74453125 0.58984375 0.05234375 0.1484375
55 0.6875 0.59609375 0.0546875 0.1484375
54 0.628125 0.59921875 0.075 0.1421875
56 0.80625 0.74296875 0.07890625 0.1546875
94 0.7421875 0.75 0.065625 0.15234375
98 0.6796875 0.75703125 0.06875 0.15
15 0.62265625 0.765625 0.05546875 0.15703125
177 0.496875 0.775 0.0796875 0.15859375
183 0.43515625 0.784375 0.059375 0.1609375
173 0.37109375 0.79453125 0.0609375 0.17421875
95 0.29375 0.796875 0.10234375 0.1625
216 0.0234375 0.49140625 0.046875 0.0890625
158 0.0578125 0.61328125 0.0625 0.0953125
158 0.015625 0.6203125 0.03125 0.109375
216 0.14296875 0.86484375 0.04609375 0.1359375
216 0.08671875 0.86875 0.06640625 0.13203125
216 0.034375 0.8765625 0.06875 0.125
85 0.4671875 0.4734375 0.071875 0.1234375
85 0.32421875 0.484375 0.05625 0.1171875
89 0.2453125 0.48828125 0.0609375 0.121875
91 0.39296875 0.478125 0.08515625 0.11328125
161 0.49453125 0.61328125 0.0375 0.15703125
159 0.4453125 0.61796875 0.07734375 0.14921875
193 0.38515625 0.6296875 0.0703125 0.14140625
202 0.3234375 0.63359375 0.0765625 0.14140625
136 0.2625 0.6421875 0.0734375 0.1421875