42 0.103125 0.15234375 0.08125 0.13046875
42 0.1875 0.159375 0.0734375 0.1203125
42 0.27265625 0.16015625 0.08515625 0.1234375
42 0.36328125 0.16015625 0.0703125 0.12890625
42 0.44609375 0.15625 0.0796875 0.121875
42 0.14921875 0.30546875 0.059375 0.1078125
42 0.2234375 0.303125 0.071875 0.10703125
42 0.30546875 0.303125 0.0734375 0.10859375
42 0.38046875 0.30546875 0.0609375 0.11328125
42 0.7828125 0.3015625 0.071875 0.1125
42 0.859375 0.3 0.05625 0.1015625
42 0.96171875 0.3 0.0765625 0.103125
42 0.1546875 0.42890625 0.08515625 0.0984375
42 0.22421875 0.43515625 0.0765625 0.096875
42 0.31015625 0.42890625 0.0796875 0.084375
42 0.38671875 0.4328125 0.0703125 0.09921875
42 0.46328125 0.42890625 0.065625 0.09375
42 0.53828125 0.42890625 0.06875 0.09296875
42 0.615625 0.43046875 0.0609375 0.09921875
42 0.69140625 0.428125 0.06875 0.09765625
42 0.8859375 0.425 0.0640625 0.0890625
42 0.959375 0.42734375 0.0609375 0.096875
42 0.034375 0.709375 0.06875 0.11640625
42 0.0984375 0.7046875 0.078125 0.11015625
42 0.18671875 0.70703125 0.078125 0.12109375
42 0.26171875 0.709375 0.09765625 0.109375
35 0.703125 0.16171875 0.08671875 0.12109375
35 0.79453125 0.16328125 0.071875 0.10703125
35 0.8671875 0.1703125 0.05546875 0.1078125
35 0.93359375 0.16640625 0.06171875 0.10859375
48 0.5265625 0.15703125 0.065625 0.12890625
48 0.6078125 0.15546875 0.07421875 0.11796875
42 0.459375 0.30078125 0.0796875 0.11015625
42 0.540625 0.30234375 0.0734375 0.11171875
42 0.6234375 0.30078125 0.0765625 0.1125
42 0.703125 0.29921875 0.075 0.11015625
42 0.86953125 0.58125 0.071875 0.10625
42 0.69375 0.565625 0.04921875 0.10703125
42 0.23359375 0.57578125 0.0765625 0.10078125
172 0.34921875 0.71171875 0.0625 0.1140625
172 0.42578125 0.70859375 0.0734375 0.1015625
172 0.50703125 0.7109375 0.0734375 0.10703125
172 0.58984375 0.7078125 0.0734375 0.10546875
172 0.665625 0.6953125 0.0640625 0.0921875
171 0.62265625 0.56875 0.071875 0.10703125
171 0.321875 0.578125 0.0828125 0.10703125
171 0.81328125 0.4265625 0.059375 0.08359375
171 0.80546875 0.71328125 0.08125 0.09765625
171 0.7359375 0.70703125 0.0546875 0.0921875
171 0.76953125 0.55625 0.0765625 0.08671875
35 0.54609375 0.57890625 0.06875 0.11015625
41 0.4671875 0.575 0.08671875 0.10078125
213 0.0625 0.30234375 0.0796875 0.09765625
213 0.06640625 0.42578125 0.078125 0.090625
213 0.140625 0.5578125 0.0734375 0.10390625
213 0.0765625 0.56875 0.0796875 0.11484375
213 0.02578125 0.57109375 0.04140625 0.1046875
8 0.95390625 0.57578125 0.09140625 0.11640625
163 0.8875 0.7171875 0.0734375 0.1234375