59 0.19765625 0.11640625 0.03671875 0.0765625
102 0.2875 0.0921875 0.053125 0.13984375
86 0.33515625 0.09609375 0.03984375 0.140625
103 0.3796875 0.096875 0.040625 0.13984375
137 0.42265625 0.0953125 0.0375 0.1453125
145 0.46484375 0.10390625 0.03671875 0.1375
133 0.509375 0.11015625 0.0390625 0.134375
137 0.55390625 0.1109375 0.04140625 0.1328125
139 0.596875 0.1125 0.0421875 0.13046875
133 0.64453125 0.0890625 0.0359375 0.17109375
139 0.75703125 0.09921875 0.03515625 0.1609375
147 0.9328125 0.10625 0.04375 0.16953125
59 0.20859375 0.31796875 0.028125 0.071875
102 0.29140625 0.2984375 0.0453125 0.11796875
102 0.30390625 0.46328125 0.0421875 0.1015625
102 0.3125 0.6234375 0.0390625 0.08984375
86 0.3375 0.3015625 0.03828125 0.1234375
86 0.34453125 0.4609375 0.03515625 0.0921875
86 0.353125 0.62578125 0.03203125 0.0921875
103 0.3796875 0.303125 0.0375 0.12421875
103 0.3828125 0.46640625 0.03671875 0.10625
103 0.38828125 0.62265625 0.03359375 0.096875
148 0.2265625 0.1171875 0.0171875 0.071875
148 0.2484375 0.11875 0.015625 0.07109375
148 0.1640625 0.1109375 0.0265625 0.071875
148 0.14375 0.11171875 0.01953125 0.06328125
148 0.11875 0.11328125 0.02734375 0.075
148 0.05859375 0.31484375 0.02265625 0.05625
148 0.0875 0.31796875 0.02734375 0.06328125
148 0.11328125 0.31328125 0.0234375 0.06015625
148 0.134375 0.3203125 0.015625 0.05546875
148 0.1578125 0.3203125 0.0265625 0.065625
148 0.1828125 0.32109375 0.0234375 0.06640625
148 0.209375 0.3234375 0.0234375 0.0609375
148 0.2328125 0.32421875 0.0234375 0.0625
148 0.25859375 0.32578125 0.02109375 0.0609375
148 0.13046875 0.21953125 0.01953125 0.05390625
148 0.15390625 0.21953125 0.02109375 0.046875
148 0.17578125 0.225 0.015625 0.059375
148 0.196875 0.22421875 0.01796875 0.04453125
148 0.21953125 0.22734375 0.01640625 0.04453125
148 0.2390625 0.228125 0.021875 0.05546875
148 0.26015625 0.22890625 0.0140625 0.04609375
148 0.27890625 0.22265625 0.0140625 0.02734375
148 0.303125 0.221875 0.01796875 0.02421875
148 0.0296875 0.1078125 0.0421875 0.078125
148 0.06484375 0.10546875 0.0203125 0.06953125
148 0.09140625 0.11015625 0.021875 0.07734375
148 0.19609375 0.11328125 0.03125 0.0796875
149 0.0921875 0.4796875 0.025 0.0640625
149 0.11796875 0.4796875 0.01953125 0.0640625
149 0.140625 0.478125 0.0171875 0.06015625
149 0.16328125 0.48046875 0.01796875 0.0625
149 0.18671875 0.48125 0.02109375 0.0578125
149 0.209375 0.484375 0.01953125 0.05625
149 0.23125 0.48671875 0.015625 0.059375
149 0.25234375 0.48359375 0.01875 0.0546875
149 0.275 0.4828125 0.01875 0.053125
139 0.69296875 0.6140625 0.0296875 0.11796875
139 0.72265625 0.61484375 0.0265625 0.11484375
139 0.74921875 0.6140625 0.02578125 0.1265625
139 0.70546875 0.459375 0.0234375 0.12421875
139 0.7390625 0.46484375 0.03046875 0.1234375
139 0.77109375 0.46171875 0.02578125 0.11796875
139 0.72265625 0.2953125 0.02734375 0.15390625
139 0.75859375 0.2953125 0.03203125 0.15078125
139 0.79453125 0.29921875 0.03203125 0.15625
139 0.78515625 0.10078125 0.03203125 0.15859375
139 0.82421875 0.103125 0.03515625 0.16796875
139 0.68046875 0.09453125 0.02734375 0.17265625
139 0.7140625 0.09609375 0.03203125 0.1765625
72 0.103125 0.5703125 0.02265625 0.05703125
72 0.125 0.57265625 0.0171875 0.05625
72 0.14296875 0.5734375 0.015625 0.05625
72 0.103125 0.6453125 0.0203125 0.05625
72 0.125 0.64296875 0.021875 0.05
72 0.14609375 0.64375 0.0171875 0.05
72 0.09375 0.82734375 0.02109375 0.0546875
72 0.11640625 0.8265625 0.02109375 0.05390625
72 0.13984375 0.82734375 0.01875 0.05234375
72 0.16171875 0.83046875 0.01953125 0.05078125
72 0.184375 0.8296875 0.0203125 0.05
72 0.203125 0.83046875 0.02109375 0.05078125
72 0.16796875 0.74765625 0.02109375 0.05625
72 0.18984375 0.74921875 0.01875 0.05390625
72 0.20859375 0.746875 0.01328125 0.05078125
72 0.121875 0.740625 0.01640625 0.046875
72 0.1046875 0.72578125 0.0171875 0.04453125
74 0.17578125 0.63203125 0.02421875 0.0578125
74 0.196875 0.63359375 0.01640625 0.06015625
74 0.2171875 0.6328125 0.015625 0.0578125
74 0.24375 0.63359375 0.021875 0.05546875
74 0.265625 0.62265625 0.0203125 0.05625
74 0.28515625 0.62109375 0.01171875 0.05078125
207 0.4203125 0.3015625 0.03671875 0.11953125
207 0.42109375 0.4671875 0.03359375 0.1046875
207 0.42421875 0.62421875 0.03515625 0.096875
145 0.4609375 0.30546875 0.0375 0.1234375
145 0.4578125 0.4671875 0.03359375 0.103125
145 0.4609375 0.62421875 0.03125 0.09140625
133 0.503125 0.309375 0.0375 0.11796875
133 0.496875 0.47109375 0.0328125 0.11171875
133 0.49453125 0.6203125 0.03359375 0.096875
137 0.54375 0.3125 0.0359375 0.11640625
137 0.53203125 0.4703125 0.03671875 0.10625
137 0.5296875 0.61875 0.034375 0.1015625
139 0.58671875 0.31015625 0.03828125 0.11875
139 0.56953125 0.46953125 0.03203125 0.10390625
139 0.565625 0.61953125 0.03046875 0.09921875
133 0.6265625 0.29140625 0.02578125 0.1609375
133 0.659375 0.290625 0.0296875 0.15546875
133 0.69140625 0.29609375 0.0296875 0.15703125
133 0.61015625 0.4578125 0.0234375 0.11953125
133 0.640625 0.4609375 0.028125 0.13046875
133 0.671875 0.4578125 0.028125 0.125
133 0.59765625 0.61015625 0.0265625 0.11953125
133 0.62890625 0.61171875 0.0265625 0.11953125
133 0.659375 0.61328125 0.02890625 0.1203125
123 0.8296875 0.29921875 0.0328125 0.15390625
123 0.86328125 0.30625 0.03203125 0.15703125
123 0.89609375 0.30390625 0.03046875 0.1484375
123 0.80078125 0.4671875 0.0296875 0.13046875
123 0.8328125 0.46171875 0.02734375 0.1234375
123 0.86875 0.4640625 0.034375 0.12265625
123 0.7828125 0.6140625 0.03125 0.12109375
123 0.81328125 0.6140625 0.03125 0.11328125
123 0.84296875 0.61328125 0.0359375 0.11640625
157 0.97578125 0.11640625 0.040625 0.1515625
157 0.93515625 0.30546875 0.04296875 0.14609375
157 0.978125 0.30703125 0.04375 0.1484375
157 0.9109375 0.46640625 0.04375 0.12890625
157 0.9484375 0.4671875 0.02578125 0.1265625
157 0.88203125 0.61640625 0.0375 0.11796875
157 0.9171875 0.61640625 0.02578125 0.12109375
8 0.97578125 0.4703125 0.02578125 0.125
8 0.9453125 0.61875 0.025 0.109375
8 0.978125 0.6171875 0.03125 0.109375
8 0.05859375 0.47734375 0.02265625 0.065625
8 0.01640625 0.61640625 0.0328125 0.1203125
8 0.0484375 0.61328125 0.04375 0.11875
72 0.37421875 0.7484375 0.01953125 0.0609375
68 0.24296875 0.7328125 0.02265625 0.05703125
68 0.2625 0.73359375 0.015625 0.05546875
68 0.278125 0.7375 0.0125 0.053125
68 0.3078125 0.73046875 0.021875 0.053125
68 0.3296875 0.7296875 0.01953125 0.0546875
68 0.3484375 0.73046875 0.0140625 0.05546875
68 0.39453125 0.73046875 0.01875 0.05078125
68 0.4140625 0.73125 0.01640625 0.05
68 0.43828125 0.7421875 0.01875 0.053125
68 0.4578125 0.74375 0.01484375 0.05859375
68 0.47734375 0.753125 0.01640625 0.065625
68 0.23359375 0.828125 0.0234375 0.05625
68 0.25390625 0.8265625 0.021875 0.0546875
68 0.27265625 0.825 0.0203125 0.059375
68 0.3015625 0.825 0.025 0.053125
68 0.32265625 0.82421875 0.01796875 0.05546875
68 0.34375 0.82421875 0.01875 0.05390625
68 0.37734375 0.76796875 0.00078125 0.00078125
68 0.365625 0.82578125 0.02109375 0.053125
68 0.38984375 0.82421875 0.0203125 0.0484375
68 0.41171875 0.8265625 0.01875 0.0546875
68 0.434375 0.8296875 0.02265625 0.0484375
68 0.45234375 0.8265625 0.0203125 0.0453125
68 0.47421875 0.828125 0.0171875 0.046875
68 0.5265625 0.79921875 0.00078125 0.00390625
74 0.5015625 0.73046875 0.01875 0.053125
74 0.52421875 0.73828125 0.0171875 0.06328125
74 0.54375 0.73828125 0.01953125 0.0609375
74 0.56796875 0.740625 0.01640625 0.05859375
74 0.5875 0.734375 0.0140625 0.053125
74 0.60625 0.73515625 0.01640625 0.05390625
74 0.50234375 0.82109375 0.01796875 0.04765625
74 0.5234375 0.8234375 0.01875 0.05
74 0.54375 0.8234375 0.0171875 0.05078125
74 0.5671875 0.82421875 0.0171875 0.0515625
74 0.5875 0.8265625 0.01796875 0.05
74 0.60859375 0.8265625 0.015625 0.04921875
74 0.63203125 0.821875 0.015625 0.05078125
74 0.653125 0.82421875 0.01640625 0.05390625
74 0.67265625 0.81328125 0.01640625 0.0578125
148 0.01171875 0.303125 0.02109375 0.0640625
8 0.70703125 0.77578125 0.015625 0.03984375
8 0.72421875 0.77734375 0.01328125 0.040625
8 0.74296875 0.78203125 0.0171875 0.046875
8 0.70390625 0.83203125 0.01640625 0.040625
8 0.7234375 0.83203125 0.0171875 0.03984375
8 0.74453125 0.834375 0.01875 0.046875
150 0.7796875 0.77109375 0.025 0.0578125
150 0.790625 0.740625 0.02265625 0.04609375
150 0.803125 0.7390625 0.02578125 0.0484375
150 0.89140625 0.8265625 0.0234375 0.0484375
150 0.8640625 0.8140625 0.025 0.05234375
150 0.8734375 0.73515625 0.01328125 0.0296875
150 0.88984375 0.7359375 0.015625 0.02265625
150 0.90546875 0.73828125 0.01015625 0.03203125
150 0.9109375 0.71015625 0.015625 0.02109375
150 0.92578125 0.7078125 0.0109375 0.015625
150 0.96796875 0.8265625 0.02421875 0.046875
150 0.94609375 0.81875 0.01796875 0.0453125
150 0.98203125 0.76796875 0.01796875 0.0265625
147 0.865625 0.1015625 0.034375 0.16328125
150 0.8921875 0.10859375 0.03515625 0.1671875