139 0.48671875 0.121875 0.05390625 0.153125
139 0.55 0.1203125 0.04921875 0.14375
139 0.603125 0.1203125 0.04921875 0.15078125
139 0.4828125 0.31875 0.04609375 0.1375
139 0.53828125 0.31953125 0.04921875 0.14296875
139 0.59765625 0.32109375 0.04296875 0.14296875
139 0.53828125 0.4875 0.04296875 0.125
139 0.590625 0.48828125 0.0390625 0.1125
139 0.4859375 0.61640625 0.034375 0.0984375
139 0.5265625 0.628125 0.04140625 0.096875
139 0.58046875 0.61796875 0.05078125 0.09375
139 0.4765625 0.765625 0.0375 0.09375
139 0.5234375 0.771875 0.034375 0.096875
139 0.56796875 0.7703125 0.0375 0.09296875
145 0.6609375 0.125 0.05078125 0.1515625
145 0.71875 0.12421875 0.04453125 0.140625
145 0.6640625 0.315625 0.04609375 0.14296875
145 0.64296875 0.4890625 0.0390625 0.11796875
145 0.6921875 0.4953125 0.04140625 0.12734375
145 0.74765625 0.4828125 0.04296875 0.10859375
145 0.63125 0.6328125 0.04453125 0.109375
145 0.67890625 0.6359375 0.0328125 0.11640625
145 0.73046875 0.621875 0.0390625 0.10078125
145 0.6171875 0.76640625 0.034375 0.10078125
145 0.65859375 0.77265625 0.034375 0.10234375
145 0.70234375 0.778125 0.04453125 0.09375
199 0.7796875 0.12421875 0.04453125 0.153125
199 0.7421875 0.321875 0.05390625 0.1328125
133 0.153125 0.1203125 0.065625 0.140625
133 0.209375 0.11796875 0.0578125 0.14140625
133 0.2625 0.115625 0.05234375 0.15546875
133 0.31484375 0.11953125 0.0671875 0.1359375
133 0.38203125 0.121875 0.05234375 0.15703125
133 0.4359375 0.1203125 0.04765625 0.14765625
133 0.15546875 0.309375 0.0609375 0.13359375
133 0.21171875 0.31171875 0.0546875 0.140625
133 0.26796875 0.3140625 0.04453125 0.1375
133 0.32109375 0.31328125 0.065625 0.14375
133 0.36796875 0.3171875 0.0671875 0.140625
133 0.428125 0.315625 0.0609375 0.14375
133 0.178125 0.471875 0.0546875 0.12265625
133 0.23046875 0.4765625 0.04140625 0.1203125
133 0.28046875 0.47734375 0.04921875 0.11796875
133 0.334375 0.478125 0.04921875 0.11484375
133 0.384375 0.4859375 0.03984375 0.12421875
133 0.4296875 0.48125 0.0375 0.125
133 0.48203125 0.48984375 0.04453125 0.11796875
133 0.1828125 0.61484375 0.0625 0.11640625
133 0.240625 0.61875 0.0703125 0.1015625
133 0.2921875 0.61796875 0.04609375 0.1125
133 0.33828125 0.62421875 0.0671875 0.10234375
133 0.3875 0.628125 0.0578125 0.09453125
133 0.4421875 0.6234375 0.0359375 0.1125
133 0.20546875 0.7515625 0.04453125 0.1015625
133 0.25390625 0.7546875 0.0375 0.09921875
133 0.3 0.75546875 0.04296875 0.09375
133 0.346875 0.7546875 0.0359375 0.09921875
133 0.38828125 0.76015625 0.0359375 0.10078125
133 0.434375 0.7609375 0.0359375 0.09921875