108 0.828125 0.49921875 0.0921875 0.0953125
108 0.740625 0.50234375 0.09453125 0.1
108 0.64453125 0.4953125 0.0953125 0.1
108 0.5515625 0.4984375 0.1046875 0.096875
108 0.46484375 0.4890625 0.08125 0.08671875
108 0.38203125 0.49296875 0.09765625 0.08125
108 0.284375 0.48984375 0.09765625 0.0875
108 0.109375 0.49296875 0.09296875 0.08125
108 0.19921875 0.49140625 0.0890625 0.08359375
108 0.83828125 0.61171875 0.08125 0.096875
108 0.84375 0.38671875 0.08203125 0.09765625
108 0.74296875 0.3859375 0.08828125 0.0921875
108 0.6609375 0.3859375 0.08515625 0.0921875
108 0.5640625 0.38515625 0.096875 0.09609375
108 0.46328125 0.3921875 0.0890625 0.08984375
108 0.27421875 0.390625 0.09453125 0.09296875
108 0.2046875 0.38828125 0.10625 0.0953125
108 0.10546875 0.39140625 0.0921875 0.0890625
108 0.93046875 0.49375 0.1 0.0875
109 0.37109375 0.38515625 0.1046875 0.09765625
108 0.90859375 0.7390625 0.09453125 0.0875
108 0.815625 0.73828125 0.09375 0.08359375
109 0.92890625 0.60703125 0.08359375 0.0828125
108 0.9484375 0.3828125 0.0953125 0.0875
108 0.75078125 0.60234375 0.08515625 0.07734375
108 0.65625 0.6078125 0.08984375 0.07890625
108 0.578125 0.6046875 0.07421875 0.06796875
108 0.49765625 0.60078125 0.08125 0.065625
108 0.40859375 0.60546875 0.07734375 0.06328125
108 0.33125 0.6015625 0.08359375 0.06875
108 0.2453125 0.60703125 0.08046875 0.075
108 0.15625 0.6015625 0.0796875 0.075
108 0.19375 0.73125 0.10234375 0.075
108 0.2796875 0.73515625 0.06953125 0.0734375
108 0.3703125 0.73515625 0.07890625 0.0703125
108 0.4546875 0.73671875 0.08515625 0.0734375
108 0.54140625 0.7359375 0.08828125 0.08203125
108 0.63203125 0.73984375 0.08359375 0.084375
108 0.72578125 0.73984375 0.09609375 0.08203125
109 0.1 0.7359375 0.09296875 0.075
109 0.9625 0.25703125 0.07421875 0.08984375
109 0.86328125 0.26328125 0.07265625 0.09765625
109 0.7671875 0.26015625 0.09453125 0.09765625
109 0.67578125 0.2625 0.09765625 0.09921875
109 0.5796875 0.26484375 0.07734375 0.08828125
109 0.48984375 0.26171875 0.08359375 0.09140625
109 0.39609375 0.26484375 0.10390625 0.09609375
109 0.29765625 0.2625 0.090625 0.0921875
109 0.20234375 0.2640625 0.09140625 0.0859375
109 0.12421875 0.26171875 0.07890625 0.08984375
109 0.91484375 0.125 0.10859375 0.103125
109 0.8203125 0.12421875 0.0953125 0.0984375
109 0.72265625 0.128125 0.10390625 0.0890625
109 0.61484375 0.1296875 0.11796875 0.1
109 0.5203125 0.12890625 0.0890625 0.096875
109 0.4171875 0.13046875 0.11015625 0.10546875
109 0.321875 0.12734375 0.1125 0.1
109 0.2296875 0.12578125 0.09453125 0.10625
109 0.1328125 0.13125 0.1015625 0.09921875
109 0.03984375 0.1265625 0.0796875 0.09453125