57 0.0546875 0.18515625 0.05546875 0.121875
57 0.1109375 0.1875 0.05 0.128125
57 0.15859375 0.18984375 0.04609375 0.12578125
57 0.20078125 0.18828125 0.0546875 0.13046875
57 0.25234375 0.1875 0.03515625 0.13515625
57 0.29921875 0.190625 0.0546875 0.1328125
57 0.34453125 0.18671875 0.05078125 0.1375
57 0.0609375 0.3296875 0.05390625 0.11171875
57 0.1078125 0.3296875 0.04296875 0.11640625
57 0.146875 0.32890625 0.0484375 0.125
57 0.19140625 0.328125 0.0453125 0.1265625
57 0.23828125 0.3328125 0.04609375 0.11015625
57 0.28515625 0.3359375 0.0484375 0.12421875
57 0.32734375 0.334375 0.0484375 0.1234375
57 0.15 0.4671875 0.0609375 0.12734375
57 0.19609375 0.46484375 0.05 0.125
57 0.24453125 0.46953125 0.05078125 0.12734375
57 0.29375 0.4765625 0.0484375 0.13125
57 0.340625 0.47421875 0.05546875 0.12265625
57 0.2546875 0.5984375 0.05078125 0.10859375
57 0.20703125 0.59609375 0.0484375 0.103125
57 0.1609375 0.5921875 0.0515625 0.1015625
57 0.17890625 0.7109375 0.0390625 0.09609375
57 0.22109375 0.71953125 0.0421875 0.10390625
57 0.265625 0.71796875 0.0375 0.10390625
192 0.44375 0.184375 0.04375 0.14453125
192 0.49296875 0.18359375 0.04765625 0.14765625
192 0.54296875 0.18203125 0.0484375 0.1375
192 0.86875 0.17890625 0.04765625 0.14140625
192 0.92734375 0.18046875 0.0515625 0.1484375
192 0.98046875 0.18125 0.0390625 0.15390625
192 0.87890625 0.340625 0.053125 0.13125
192 0.9328125 0.34296875 0.05 0.13671875
192 0.46484375 0.3359375 0.05390625 0.1265625
192 0.5171875 0.34140625 0.04453125 0.128125
192 0.5953125 0.48671875 0.04765625 0.13046875
192 0.646875 0.48515625 0.0515625 0.128125
192 0.540625 0.48515625 0.05 0.1296875
192 0.490625 0.4796875 0.04921875 0.12890625
192 0.43984375 0.47578125 0.05390625 0.128125
192 0.390625 0.475 0.05546875 0.13203125
192 0.30078125 0.6015625 0.04296875 0.1078125
192 0.34453125 0.60625 0.0515625 0.11015625
192 0.39140625 0.609375 0.046875 0.11171875
192 0.4375 0.61015625 0.04296875 0.11328125
192 0.4859375 0.615625 0.04375 0.109375
192 0.528125 0.61640625 0.053125 0.11796875
192 0.58125 0.621875 0.04609375 0.1203125
192 0.63203125 0.62421875 0.04609375 0.115625
192 0.68046875 0.62890625 0.04375 0.11484375
192 0.63515625 0.75078125 0.04921875 0.10546875
192 0.58671875 0.74375 0.0453125 0.0984375
192 0.53984375 0.73828125 0.05 0.10234375
192 0.49296875 0.73671875 0.04296875 0.10078125
192 0.44765625 0.73359375 0.046875 0.0984375
192 0.403125 0.73125 0.04375 0.09921875
192 0.35703125 0.728125 0.04765625 0.10703125
192 0.3078125 0.7234375 0.04921875 0.1015625
28 0.7015625 0.48828125 0.0515625 0.13046875
28 0.75546875 0.4890625 0.05078125 0.13125
28 0.8125 0.49296875 0.04921875 0.1328125
28 0.871875 0.496875 0.05078125 0.1328125
28 0.928125 0.4984375 0.05234375 0.134375
28 0.73125 0.63515625 0.04609375 0.11640625
28 0.78359375 0.63671875 0.04765625 0.11796875
28 0.8359375 0.63984375 0.05546875 0.1109375
28 0.89140625 0.6484375 0.0453125 0.1234375
28 0.68984375 0.7515625 0.040625 0.0921875
28 0.740625 0.75625 0.0484375 0.1
28 0.79140625 0.7609375 0.04765625 0.096875
28 0.84140625 0.7671875 0.03984375 0.09140625
28 0.8921875 0.7703125 0.0484375 0.09140625
28 0.065625 0.5875 0.04921875 0.10078125
28 0.11640625 0.59140625 0.04296875 0.1046875
28 0.13671875 0.70625 0.04375 0.0875
22 0.81796875 0.340625 0.05234375 0.13359375
22 0.76640625 0.340625 0.04453125 0.12109375
22 0.7125 0.3359375 0.0453125 0.1203125
22 0.6578125 0.33828125 0.0453125 0.12578125
22 0.609375 0.3375 0.04765625 0.12421875
22 0.5609375 0.33671875 0.0453125 0.121875
22 0.59140625 0.17890625 0.0578125 0.146875
22 0.64765625 0.18125 0.0453125 0.14296875
22 0.696875 0.18046875 0.05390625 0.14453125
22 0.75625 0.18125 0.04921875 0.1421875
22 0.809375 0.17890625 0.05859375 0.14453125
22 0.371875 0.3359375 0.05234375 0.11796875
22 0.41796875 0.3375 0.04296875 0.11796875
22 0.5609375 0.33828125 0.0421875 0.125
22 0.390625 0.18515625 0.04609375 0.14140625
30 0.9796875 0.37421875 0.040625 0.0734375
30 0.98125 0.528125 0.0375 0.078125
30 0.9484375 0.6734375 0.040625 0.0671875
30 0.94296875 0.790625 0.0421875 0.06328125
217 0.0515625 0.475 0.0375 0.025
217 0.01015625 0.4703125 0.01953125 0.0203125
217 0.0546875 0.4578125 0.04921875 0.115625
217 0.02109375 0.3359375 0.028125 0.04453125