63 0.0359375 0.20234375 0.07109375 0.13671875
63 0.09296875 0.2078125 0.078125 0.12109375
63 0.1515625 0.2203125 0.05390625 0.109375
63 0.20078125 0.240625 0.05 0.0765625
63 0.24921875 0.24375 0.0640625 0.07421875
63 0.3 0.24765625 0.03828125 0.06015625
63 0.3421875 0.2515625 0.0484375 0.0546875
63 0.3890625 0.2546875 0.0453125 0.0640625
63 0.43125 0.25234375 0.05 0.04921875
63 0.46796875 0.2609375 0.046875 0.07421875
63 0.5078125 0.2640625 0.04375 0.0546875
63 0.54765625 0.2609375 0.03671875 0.05859375
54 0.0390625 0.37109375 0.07109375 0.109375
54 0.0921875 0.36484375 0.05546875 0.11484375
54 0.14375 0.36015625 0.05234375 0.103125
54 0.1890625 0.359375 0.0484375 0.1015625
54 0.24453125 0.359375 0.0625 0.10703125
54 0.28984375 0.35859375 0.0453125 0.0921875
54 0.3359375 0.3640625 0.04375 0.10546875
54 0.378125 0.36015625 0.04140625 0.1078125
54 0.41640625 0.36015625 0.04140625 0.0921875
54 0.45546875 0.36484375 0.05 0.09375
54 0.49140625 0.365625 0.0453125 0.103125
54 0.53046875 0.359375 0.02578125 0.09609375
54 0.5640625 0.36171875 0.03828125 0.0859375
54 0.603125 0.35859375 0.0328125 0.084375
177 0.36875 0.625 0.03671875 0.09140625
177 0.40546875 0.61875 0.03984375 0.08984375
177 0.44296875 0.6109375 0.034375 0.08828125
177 0.48359375 0.60625 0.0296875 0.08984375
177 0.51640625 0.59609375 0.03671875 0.08046875
177 0.55546875 0.5890625 0.03828125 0.0875
177 0.5859375 0.5875 0.03671875 0.0859375
177 0.62265625 0.58359375 0.0296875 0.08046875
177 0.6515625 0.5796875 0.0328125 0.0859375
177 0.68046875 0.571875 0.03125 0.08046875
177 0.7078125 0.56953125 0.02578125 0.084375
177 0.734375 0.565625 0.03125 0.08984375
177 0.759375 0.56328125 0.03671875 0.08203125
179 0.5484375 0.49140625 0.028125 0.084375
179 0.5796875 0.484375 0.028125 0.07265625
179 0.60859375 0.48828125 0.03671875 0.07265625
179 0.6421875 0.484375 0.02421875 0.08046875
179 0.66328125 0.4765625 0.028125 0.0703125
179 0.68671875 0.47578125 0.02578125 0.06875
179 0.71796875 0.47421875 0.01875 0.07265625
179 0.74140625 0.47421875 0.02109375 0.06796875
179 0.76484375 0.48515625 0.0328125 0.05078125
179 0.7984375 0.48203125 0.028125 0.04921875
36 0.82734375 0.478125 0.02265625 0.046875
36 0.8453125 0.475 0.034375 0.0390625
36 0.86015625 0.46796875 0.0328125 0.0484375
36 0.8828125 0.47265625 0.02265625 0.0390625
36 0.9 0.4703125 0.02265625 0.040625
36 0.92734375 0.46875 0.02421875 0.0390625
36 0.79453125 0.2671875 0.02578125 0.05703125
36 0.8171875 0.2734375 0.0328125 0.0546875
36 0.8390625 0.271875 0.03671875 0.05234375
36 0.86796875 0.271875 0.02421875 0.046875
36 0.89140625 0.2703125 0.02578125 0.04296875
36 0.91875 0.275 0.02421875 0.05078125
36 0.9390625 0.27421875 0.02109375 0.04296875
36 0.9578125 0.2796875 0.01875 0.0453125
36 0.9828125 0.28359375 0.034375 0.0515625
37 0.02421875 0.671875 0.03828125 0.09609375
37 0.07109375 0.665625 0.0453125 0.09765625
37 0.12265625 0.65859375 0.046875 0.09140625
37 0.1765625 0.6546875 0.05390625 0.09609375
37 0.22421875 0.64140625 0.05234375 0.103125
37 0.275 0.63125 0.046875 0.11171875
37 0.32265625 0.62578125 0.0453125 0.1
32 0.0421875 0.525 0.0640625 0.11484375
32 0.10234375 0.52421875 0.04140625 0.1078125
32 0.153125 0.51640625 0.05234375 0.115625
32 0.21171875 0.5171875 0.03125 0.1109375
32 0.2546875 0.50625 0.03671875 0.09375
32 0.29375 0.5078125 0.04140625 0.0859375
32 0.3359375 0.5125 0.05 0.0953125
32 0.3796875 0.50078125 0.046875 0.084375
32 0.4109375 0.50390625 0.0296875 0.1015625
32 0.4484375 0.4984375 0.046875 0.09765625
32 0.48203125 0.4953125 0.04375 0.09765625
32 0.5140625 0.4859375 0.04140625 0.0875
42 0.74296875 0.36015625 0.02421875 0.0765625
42 0.76796875 0.3609375 0.0296875 0.078125
42 0.796875 0.35859375 0.03125 0.06875
42 0.81953125 0.353125 0.02421875 0.0703125
42 0.85 0.35546875 0.01875 0.07578125
42 0.87265625 0.36015625 0.02265625 0.0796875
42 0.88984375 0.35625 0.02265625 0.07421875
42 0.92109375 0.35625 0.0296875 0.08203125
42 0.9328125 0.3578125 0.03671875 0.0640625
42 0.9546875 0.35546875 0.02109375 0.06796875
45 0.3046875 0.7484375 0.04375 0.08828125
45 0.33515625 0.73671875 0.0484375 0.0859375
45 0.38359375 0.73203125 0.03125 0.09609375
45 0.4234375 0.7234375 0.04140625 0.0765625
45 0.45546875 0.7125 0.046875 0.071875
45 0.49375 0.70703125 0.04375 0.07265625
45 0.53125 0.69375 0.034375 0.0609375
45 0.56796875 0.6890625 0.028125 0.0640625
45 0.6015625 0.68359375 0.0328125 0.06484375
45 0.63203125 0.6765625 0.03125 0.0640625
45 0.6609375 0.66875 0.0296875 0.071875
45 0.6890625 0.6671875 0.028125 0.06875
45 0.715625 0.6625 0.02109375 0.053125
177 0.73671875 0.65546875 0.0328125 0.071875
177 0.76484375 0.65078125 0.0328125 0.06796875
177 0.79140625 0.64765625 0.028125 0.06640625
177 0.81953125 0.63515625 0.034375 0.08359375
177 0.84921875 0.63984375 0.02421875 0.06875
177 0.86875 0.63515625 0.02578125 0.06796875
177 0.89296875 0.63125 0.0328125 0.06796875
179 0.7875 0.55859375 0.0328125 0.078125
179 0.815625 0.5515625 0.028125 0.06875
179 0.84375 0.55 0.03125 0.06875
179 0.8671875 0.546875 0.02578125 0.06796875
179 0.884375 0.53984375 0.02578125 0.071875
179 0.9046875 0.5359375 0.034375 0.0609375
173 0.0640625 0.79453125 0.05234375 0.08359375
173 0.1078125 0.78984375 0.0484375 0.08203125
173 0.1546875 0.7734375 0.0484375 0.078125
173 0.20546875 0.76328125 0.06796875 0.09375
173 0.25625 0.7546875 0.04375 0.09765625
75 0.628125 0.36015625 0.0171875 0.0765625
61 0.6260416671875 0.19296875 0.6145833328125 0.19453125 0.6041666671875 0.2125 0.5989583328125 0.2546875 0.5989583328125 0.2890625 0.6291666671875 0.290625 0.6375 0.2203125 0.6260416671875 0.19296875
61 0.58359375 0.240625 0.034375 0.103125
61 0.65078125 0.24453125 0.03125 0.10703125
61 0.68203125 0.24296875 0.028125 0.0921875
61 0.7125 0.25 0.02265625 0.09921875
61 0.7421875 0.2515625 0.02265625 0.08984375
61 0.76796875 0.2453125 0.0328125 0.0796875
75 0.65390625 0.35546875 0.0328125 0.078125
75 0.68828125 0.36015625 0.02265625 0.0796875
75 0.7125 0.35703125 0.02265625 0.08359375