106 0.0640625 0.2640625 0.078125 0.1171875
106 0.13828125 0.26171875 0.08046875 0.1109375
106 0.08515625 0.434375 0.071875 0.09375
106 0.1578125 0.43359375 0.06796875 0.0953125
106 0.11953125 0.58671875 0.06484375 0.09296875
106 0.18203125 0.584375 0.05703125 0.0921875
106 0.13125 0.73125 0.0609375 0.08203125
106 0.190625 0.72578125 0.0609375 0.08203125
110 0.01796875 0.2625 0.0328125 0.11640625
110 0.02734375 0.43046875 0.046875 0.10546875
110 0.0546875 0.584375 0.0625 0.090625
110 0.0140625 0.584375 0.0234375 0.09765625
110 0.021875 0.7296875 0.04140625 0.084375
110 0.0734375 0.7328125 0.053125 0.0875
187 0.21328125 0.2640625 0.0609375 0.1078125
187 0.278125 0.2625 0.0640625 0.1125
187 0.225 0.4359375 0.053125 0.10234375
187 0.29140625 0.43671875 0.0546875 0.10625
187 0.24296875 0.58046875 0.053125 0.08515625
187 0.2921875 0.57890625 0.05078125 0.0859375
187 0.2484375 0.728125 0.06015625 0.08671875
187 0.30703125 0.72734375 0.053125 0.0875
25 0.34921875 0.26171875 0.06015625 0.07421875
25 0.4125 0.26484375 0.06015625 0.053125
25 0.4828125 0.26640625 0.05703125 0.0625
25 0.54609375 0.26328125 0.0484375 0.0515625
25 0.47734375 0.43359375 0.05078125 0.05078125
25 0.53359375 0.434375 0.0484375 0.05
25 0.46875 0.584375 0.046875 0.0421875
25 0.52265625 0.578125 0.0484375 0.053125
25 0.1 0.903125 0.0546875 0.0609375
25 0.1578125 0.90390625 0.04921875 0.04609375
25 0.21640625 0.89921875 0.05703125 0.04765625
25 0.27734375 0.89609375 0.0546875 0.04375
25 0.334375 0.896875 0.053125 0.0515625
25 0.4703125 0.72734375 0.05234375 0.04609375
25 0.5234375 0.7265625 0.046875 0.04296875
27 0.3578125 0.43125 0.05625 0.046875
27 0.41328125 0.43125 0.040625 0.040625
27 0.35546875 0.58125 0.0546875 0.0375
27 0.41328125 0.58515625 0.05078125 0.04609375
27 0.36015625 0.7296875 0.04296875 0.03515625
27 0.41484375 0.728125 0.05078125 0.0375
27 0.5609375 0.8984375 0.0453125 0.0453125
27 0.61953125 0.896875 0.046875 0.05546875
27 0.678125 0.89453125 0.046875 0.0484375
162 0.57265625 0.721875 0.0453125 0.04765625
162 0.5890625 0.43671875 0.05078125 0.0609375
162 0.646875 0.434375 0.0546875 0.06171875
162 0.57734375 0.57890625 0.0484375 0.04375
162 0.63046875 0.5796875 0.05234375 0.05078125
162 0.63125 0.72109375 0.0453125 0.04609375
162 0.39296875 0.896875 0.05625 0.040625
162 0.44609375 0.8953125 0.05078125 0.05078125
162 0.50390625 0.89375 0.05234375 0.0578125
162 0.6078125 0.2703125 0.06484375 0.05625
162 0.67421875 0.2640625 0.05703125 0.0578125
27 0.73515625 0.26640625 0.0609375 0.05859375
27 0.70546875 0.43359375 0.04453125 0.05625
27 0.6859375 0.58203125 0.04140625 0.0640625
27 0.68203125 0.725 0.04140625 0.0515625
181 0.896875 0.85390625 0.05078125 0.1375
96 0.97734375 0.24296875 0.04296875 0.1421875
71 0.98671875 0.8546875 0.0234375 0.1375
71 0.7328125 0.86015625 0.0546875 0.1109375
71 0.7921875 0.86484375 0.0453125 0.12421875
76 0.7625 0.4109375 0.0453125 0.13359375
96 0.91953125 0.24921875 0.04921875 0.1359375
96 0.8890625 0.41484375 0.03515625 0.12421875
96 0.9453125 0.4171875 0.04921875 0.12578125
76 0.8265625 0.40546875 0.05234375 0.1328125
76 0.7953125 0.24375 0.046875 0.14921875
76 0.8546875 0.24921875 0.05078125 0.15546875
71 0.95234375 0.85625 0.04296875 0.12890625
181 0.925 0.571875 0.04296875 0.11328125
181 0.86796875 0.56328125 0.040625 0.121875
170 0.7875 0.69921875 0.0328125 0.1
181 0.8359375 0.70390625 0.04453125 0.096875
181 0.89296875 0.70234375 0.04296875 0.0953125
170 0.7421875 0.703125 0.03359375 0.109375
185 0.9703125 0.5671875 0.04140625 0.1234375
185 0.94609375 0.71171875 0.040625 0.10625
185 0.98203125 0.70390625 0.02890625 0.10234375
181 0.74296875 0.56328125 0.05859375 0.1046875
181 0.803125 0.56328125 0.05078125 0.10546875
181 0.84296875 0.8546875 0.0484375 0.1296875