94 0.93046875 0.4609375 0.08671875 0.1015625
94 0.84921875 0.4625 0.05546875 0.0984375
94 0.78046875 0.46171875 0.065625 0.10234375
94 0.7078125 0.46171875 0.07109375 0.10625
94 0.634375 0.46015625 0.075 0.10078125
94 0.56171875 0.46171875 0.075 0.10625
94 0.48203125 0.4609375 0.07265625 0.103125
94 0.40546875 0.459375 0.05625 0.10546875
94 0.34296875 0.46015625 0.08203125 0.11015625
94 0.26171875 0.46171875 0.06640625 0.10546875
94 0.175 0.4625 0.06953125 0.1046875
94 0.0890625 0.4609375 0.10390625 0.10859375
94 0.3 0.58828125 0.06796875 0.103125
94 0.359375 0.58359375 0.06953125 0.096875
94 0.4296875 0.58515625 0.078125 0.1015625
94 0.509375 0.5875 0.06640625 0.09375
94 0.56796875 0.58515625 0.059375 0.09453125
94 0.91875 0.57734375 0.078125 0.09921875
94 0.85078125 0.5796875 0.06640625 0.09609375
94 0.78203125 0.58046875 0.071875 0.103125
94 0.7109375 0.58125 0.06171875 0.09765625
94 0.646875 0.5828125 0.05390625 0.1
94 0.1453125 0.58828125 0.07421875 0.11015625
173 0.0734375 0.58671875 0.06875 0.1
173 0.2203125 0.5875 0.07578125 0.10625