187 0.88984375 0.26484375 0.0625 0.1078125
187 0.95390625 0.259375 0.059375 0.0953125
187 0.87734375 0.42109375 0.05546875 0.0953125
187 0.94375 0.41796875 0.0703125 0.09140625
187 0.875 0.56171875 0.0484375 0.08828125
187 0.93515625 0.5640625 0.05546875 0.09296875
187 0.86875 0.69765625 0.0453125 0.09296875
106 0.75859375 0.27109375 0.06171875 0.09921875
106 0.82265625 0.26875 0.04921875 0.09296875
106 0.76171875 0.4203125 0.053125 0.0796875
106 0.815625 0.425 0.0546875 0.09453125
106 0.76484375 0.559375 0.0515625 0.07734375
106 0.8203125 0.56015625 0.04609375 0.0828125
106 0.759375 0.6890625 0.05234375 0.07578125
106 0.8140625 0.69296875 0.053125 0.08515625
110 0.64140625 0.2765625 0.06328125 0.096875
110 0.69921875 0.2734375 0.04375 0.090625
110 0.6453125 0.42265625 0.0578125 0.08359375
110 0.70078125 0.425 0.04921875 0.0859375
110 0.6640625 0.54921875 0.05234375 0.07109375
110 0.715625 0.55546875 0.04921875 0.084375
110 0.65625 0.68203125 0.04375 0.075
110 0.70390625 0.684375 0.053125 0.06953125
109 0.5375 0.2859375 0.05546875 0.08984375
109 0.584375 0.27890625 0.0578125 0.090625
109 0.5390625 0.42421875 0.0515625 0.07578125
109 0.58984375 0.425 0.0515625 0.0796875
109 0.559375 0.5484375 0.05234375 0.07734375
109 0.61328125 0.5484375 0.0515625 0.075
109 0.60859375 0.67890625 0.05234375 0.07578125
109 0.5609375 0.67265625 0.0484375 0.06796875
87 0.48515625 0.28984375 0.05 0.07734375
87 0.4375 0.2953125 0.053125 0.08125
87 0.453125 0.41953125 0.03984375 0.065625
87 0.49453125 0.42265625 0.04375 0.08203125
87 0.46796875 0.5421875 0.04375 0.06875
87 0.51015625 0.54453125 0.046875 0.0765625
87 0.478125 0.66640625 0.05 0.06875
87 0.51796875 0.6671875 0.0453125 0.06953125
207 0.38984375 0.29609375 0.05234375 0.08203125
207 0.3453125 0.29921875 0.04921875 0.075
207 0.40625 0.428125 0.05546875 0.0703125
207 0.3609375 0.425 0.05234375 0.0640625
207 0.38203125 0.54296875 0.0453125 0.07109375
207 0.4296875 0.54140625 0.03515625 0.07421875
207 0.3953125 0.65546875 0.04140625 0.06484375
207 0.434375 0.659375 0.040625 0.065625
88 0.3015625 0.30078125 0.0484375 0.07265625
88 0.25703125 0.30078125 0.0515625 0.06953125
88 0.32578125 0.421875 0.02890625 0.0625
88 0.29140625 0.42265625 0.040625 0.06796875
88 0.34140625 0.53984375 0.0453125 0.06640625
88 0.3015625 0.5390625 0.03828125 0.065625
88 0.35546875 0.6515625 0.04296875 0.06171875
88 0.31796875 0.6484375 0.03984375 0.06328125
91 0.21328125 0.29921875 0.0546875 0.07421875
91 0.19609375 0.30546875 0.025 0.071875
91 0.240625 0.4296875 0.04609375 0.07578125
91 0.2015625 0.425 0.03671875 0.0609375
91 0.22734375 0.5359375 0.0375 0.06875
91 0.265625 0.53671875 0.03515625 0.0703125
91 0.25 0.64375 0.03125 0.06015625
91 0.284375 0.6453125 0.03671875 0.0703125
86 0.15 0.3078125 0.04921875 0.0703125
86 0.10625 0.30546875 0.0375 0.0671875
86 0.1296875 0.425 0.03984375 0.0609375
86 0.15703125 0.42578125 0.04296875 0.07109375
86 0.1546875 0.53359375 0.02890625 0.065625
86 0.18984375 0.53203125 0.0328125 0.06875
86 0.21640625 0.63515625 0.02578125 0.059375
86 0.178125 0.6359375 0.02265625 0.0625
102 0.0703125 0.31015625 0.04375 0.0703125
102 0.03671875 0.3109375 0.04375 0.0609375
102 0.05625 0.4234375 0.03125 0.06875
102 0.090625 0.4203125 0.03984375 0.06796875
102 0.0515625 0.521875 0.0453125 0.06171875
102 0.090625 0.5234375 0.03203125 0.06484375
102 0.1171875 0.53125 0.0328125 0.075
102 0.0765625 0.62734375 0.03984375 0.0546875
102 0.1125 0.6328125 0.03203125 0.06953125
102 0.146875 0.63671875 0.028125 0.0625
102 0.9203125 0.703125 0.0453125 0.090625
25 0.98515625 0.54609375 0.02890625 0.084375
25 0.98046875 0.68984375 0.03671875 0.09921875
25 0.6609375 0.81875 0.04140625 0.1015625
25 0.71015625 0.82109375 0.040625 0.10859375
25 0.7640625 0.82109375 0.0515625 0.12890625
25 0.815625 0.83125 0.05 0.109375
25 0.88125 0.84296875 0.03984375 0.1140625
25 0.93828125 0.84609375 0.04921875 0.12109375