7 0.0203125 0.28359375 0.03984375 0.15390625
7 0.0796875 0.28671875 0.059375 0.153125
7 0.01171875 0.5125 0.01875 0.1453125
7 0.040625 0.5 0.0359375 0.13515625
7 0.08125 0.515625 0.03125 0.16328125
7 0.11953125 0.51796875 0.0375 0.153125
7 0.021875 0.76875 0.0375 0.153125
7 0.0578125 0.75859375 0.0375 0.15859375
7 0.09453125 0.7640625 0.02265625 0.14140625
7 0.12578125 0.76796875 0.02890625 0.165625
8 0.88515625 0.28984375 0.0515625 0.1484375
8 0.9171875 0.29921875 0.03984375 0.134375
8 0.95703125 0.28828125 0.0515625 0.14140625
8 0.9890625 0.28515625 0.02109375 0.15546875
8 0.8625 0.5296875 0.04453125 0.1453125
8 0.90625 0.5296875 0.04140625 0.14296875
8 0.95078125 0.5296875 0.0453125 0.13671875
8 0.9828125 0.528125 0.034375 0.15390625
8 0.85234375 0.79296875 0.02734375 0.13515625
8 0.89140625 0.79921875 0.0359375 0.1484375
8 0.97109375 0.80078125 0.05703125 0.15390625
122 0.1328125 0.2921875 0.0359375 0.16328125
122 0.171875 0.28984375 0.03984375 0.15546875
122 0.2125 0.28984375 0.034375 0.159375
122 0.25 0.29140625 0.03515625 0.1640625
122 0.16484375 0.51796875 0.03203125 0.153125
122 0.19921875 0.5125 0.034375 0.15859375
122 0.23984375 0.51875 0.0375 0.159375
122 0.28125 0.51484375 0.03828125 0.15234375
122 0.1640625 0.77421875 0.03828125 0.15625
122 0.20390625 0.77421875 0.03125 0.16328125
122 0.24296875 0.7734375 0.03828125 0.1609375
122 0.2828125 0.77578125 0.03203125 0.16640625
122 0.29375 0.29296875 0.0390625 0.16328125
113 0.6765625 0.28828125 0.03125 0.16875
113 0.71328125 0.28515625 0.0375 0.1625
113 0.75703125 0.284375 0.03515625 0.16015625
113 0.65390625 0.7921875 0.034375 0.1640625
113 0.6921875 0.7921875 0.03359375 0.1578125
113 0.72890625 0.7921875 0.034375 0.15703125
116 0.6578125 0.5140625 0.034375 0.15703125
116 0.6984375 0.51640625 0.034375 0.1625
116 0.7390625 0.51875 0.034375 0.16171875
118 0.8 0.28125 0.0390625 0.16171875
118 0.83984375 0.2828125 0.03359375 0.1625
118 0.778125 0.51796875 0.0375 0.1609375
118 0.81875 0.521875 0.03515625 0.165625
118 0.7703125 0.790625 0.0390625 0.1625
118 0.8125 0.7921875 0.03125 0.1640625
212 0.33125 0.31484375 0.028125 0.11484375
212 0.3171875 0.53671875 0.03359375 0.109375
212 0.32890625 0.20234375 0.03359375 0.1109375
212 0.35390625 0.80625 0.03046875 0.11484375
3 0.36640625 0.2 0.02890625 0.1203125
3 0.36640625 0.31484375 0.03203125 0.1078125
3 0.353125 0.53828125 0.03046875 0.1140625
3 0.38828125 0.80546875 0.03046875 0.1203125
1 0.40078125 0.19765625 0.0328125 0.1203125
1 0.40078125 0.315625 0.03125 0.10703125
1 0.3875 0.5375 0.03125 0.11171875
5 0.4390625 0.19609375 0.034375 0.11875
5 0.43828125 0.31953125 0.034375 0.1046875
5 0.425 0.540625 0.03125 0.10859375
5 0.42421875 0.80234375 0.028125 0.10546875
5 0.47621107343749997 0.8575547859375 0.4749134953125 0.7474048437499999 0.47404844218750003 0.7456747406249999 0.4714532875 0.7479815453125 0.46799307968750004 0.7450980390625 0.46669550156249995 0.739907728125 0.4537197234375 0.7393310265624999 0.4485294125 0.7491349484375001 0.4455017296875 0.7508650515624999 0.44420415156250004 0.7577854671875001 0.4455017296875 0.8575547859375 0.45155709374999997 0.8638985 0.46669550156249995 0.8638985 0.47621107343749997 0.8575547859375
29 0.47734375 0.28984375 0.0359375 0.16484375
29 0.515625 0.2921875 0.02890625 0.1640625
29 0.540625 0.51796875 0.03515625 0.16484375
142 0.46015625 0.5125 0.03984375 0.15390625
142 0.50234375 0.51953125 0.034375 0.1640625
142 0.49765625 0.784375 0.03671875 0.16796875
142 0.53671875 0.78203125 0.03203125 0.1578125
138 0.61328125 0.78828125 0.03671875 0.16015625
135 0.5734375 0.7859375 0.03515625 0.165625
135 0.58046875 0.51875 0.03203125 0.1640625
135 0.55390625 0.2890625 0.03984375 0.16640625
135 0.59453125 0.29140625 0.03203125 0.16875
134 0.63515625 0.2921875 0.03671875 0.1703125
134 0.61875 0.51796875 0.03359375 0.1609375