73 0.22734375 0.47109375 0.06484375 0.13203125
73 0.2890625 0.47421875 0.04453125 0.1265625
73 0.3515625 0.47109375 0.04921875 0.134375
73 0.40546875 0.46953125 0.05078125 0.12890625
73 0.2375 0.61328125 0.04921875 0.11875
73 0.29375 0.6171875 0.04921875 0.121875
73 0.3515625 0.61875 0.04296875 0.12109375
73 0.40546875 0.61328125 0.04609375 0.115625
166 0.47734375 0.16953125 0.071875 0.14375
166 0.5390625 0.16953125 0.06328125 0.13515625
166 0.48203125 0.32578125 0.053125 0.11875
166 0.53515625 0.32578125 0.04921875 0.12109375
171 0.24609375 0.165625 0.06796875 0.1265625
171 0.25390625 0.328125 0.0578125 0.11171875
61 0.30859375 0.1703125 0.0515625 0.13046875
61 0.3171875 0.3296875 0.04609375 0.12109375
82 0.3703125 0.16875 0.04921875 0.1359375
82 0.42578125 0.17265625 0.0421875 0.13828125
155 0.37109375 0.3296875 0.04453125 0.12578125
155 0.42578125 0.3234375 0.04453125 0.12734375
48 0.60234375 0.1765625 0.04453125 0.1359375
48 0.65625 0.17265625 0.046875 0.134375
48 0.59375 0.3265625 0.0421875 0.12734375
48 0.64765625 0.328125 0.05 0.125
38 0.7125 0.16796875 0.0453125 0.13515625
155 0.765625 0.17109375 0.053125 0.1328125
155 0.7046875 0.32578125 0.03828125 0.11875
155 0.75859375 0.32421875 0.05 0.11953125
15 0.46484375 0.47109375 0.046875 0.12734375
15 0.5234375 0.471875 0.04140625 0.1265625
15 0.46328125 0.615625 0.04453125 0.11484375
15 0.51640625 0.6125 0.05859375 0.11328125
28 0.63984375 0.4734375 0.046875 0.128125
28 0.69453125 0.47265625 0.04296875 0.12265625
28 0.75234375 0.4734375 0.05390625 0.12421875
28 0.63203125 0.61640625 0.04296875 0.11015625
28 0.68515625 0.6171875 0.04609375 0.109375
28 0.7390625 0.6171875 0.05 0.10625
26 0.575 0.61640625 0.0421875 0.11328125
26 0.57890625 0.47421875 0.0515625 0.1203125